     1981  1151.800   518.693   402.848     0.102    52.072     1.078     0.000   139.573     0.000   456.100    22.894     0.000   116.961     0.016     0.172     0.178    17.662     0.000     0.000     4.606     0.000   223.727     0.000     0.000   201.750     0.000     1.169     7.994     0.000     0.042     0.000    67.250    14.901     0.173     0.000     9.214   126.090    24.246    37730.    26039.    37451.    26073.   376654.   372620.        0.        5.      0.00      0.00  376654.2  372619.9      20.7      10.0       0.0
     1982  1437.200   450.139   418.003     0.182   229.978     1.927     0.000   572.209     0.000   650.089     0.467     0.000    23.683     0.028     0.298     4.381     1.148     0.000     0.000    74.669     0.009   133.160     0.000     0.000   201.750     0.000     0.553     0.418     0.000     0.172     0.000    67.250   164.736     0.021     0.000    11.498   126.640    24.349    37451.    26073.    37305.    26115.   372620.   371302.        5.       12.      0.00      0.00  372619.9  371301.6       1.4       0.0       0.0
     1983  1703.700   419.797   519.718     0.246   304.950     2.610     0.000   761.523     0.000   827.525     4.655     0.000    20.646     0.036     0.381     9.912    11.767     0.000     0.000   159.296     0.105   120.556     0.000     0.000   201.750     0.000     1.340     5.149     0.000     0.229     0.000    67.250   234.736     0.239     0.000    13.630   143.451    27.582    37305.    26115.    37064.    26148.   371302.   370617.       12.       16.      0.00      0.00  371301.6  370617.3       5.4       2.0       0.0
     1984  1166.500   404.100   181.839     0.194   241.964     2.053     0.000   579.064     0.000   426.051     0.048     0.000     3.234     0.028     0.291     7.644     0.286     0.000     0.000   116.327     0.304   116.669     0.000     0.000   201.750     0.000     0.173     0.111     0.000     0.174     0.000    67.250   105.000     0.006     0.000     9.332   142.319    27.369    37064.    26148.    36896.    26187.   370617.   369843.       16.       22.      0.00      0.00  370617.3  369843.2       0.2       0.0       0.0
     1985   992.700   411.363   112.310     0.164   182.610     1.733     0.000   466.245     0.000   296.816     0.009     0.000     1.322     0.020     0.217     5.437     0.058     0.000     0.000    89.028     0.565   105.028     0.000     0.000   201.750     0.000     0.097     0.021     0.000     0.140     0.000    67.250    63.680     0.001     0.000     7.942   131.513    25.288    36896.    26187.    36778.    26229.   369843.   369497.       22.       29.      0.00      0.00  369843.2  369497.2       0.0       0.0       0.0
     1986  1192.100   437.211   233.540     0.200   207.126     2.123     0.000   519.816     0.000   442.990     2.761     0.000    13.110     0.032     0.341     6.266    12.131     0.000     0.000   100.690     4.897    99.993     0.000     0.000   201.750     0.000     0.804     4.785     0.000     0.156     0.000    67.250   124.399     0.254     0.000     9.537   127.778    24.571    36778.    26229.    36630.    26266.   369497.   368318.       29.       37.      0.00      0.00  369497.2  368318.2       1.6       0.0       0.0
     1987  1029.800   382.398   173.493     0.191   188.695     2.019     0.000   471.435     0.000   364.398     0.023     0.000     1.567     0.036     0.383     5.613     0.179     0.000     0.000    89.689     5.796    88.572     0.000     0.000   201.750     0.000     0.168     0.058     0.000     0.142     0.000    67.250    86.420     0.004     0.000     8.238   125.519    24.134    36630.    26266.    36528.    26308.   368318.   368208.       37.       44.      0.00      0.00  368318.2  368208.4       0.0       0.0       0.0
     1988  1214.600   400.640   190.120     0.231   246.354     2.446     0.000   614.673     0.000   439.149     0.819     0.000     1.242     0.021     0.220     6.890     6.048     0.000     0.000   109.543    24.730    96.470     0.000     0.000   201.750     0.000     0.154     1.943     0.000     0.185     0.000    67.250    97.599     0.130     0.000     9.717   138.380    26.611    36528.    26308.    36363.    26347.   368208.   367568.       44.       52.      0.00      0.00  368208.4  367568.0       1.3       0.0       0.0
     1989  1328.200   400.293   234.954     0.251   271.201     2.663     0.000   687.609     0.000   509.070     0.045     0.000     9.920     0.034     0.364     6.544     0.530     0.000     0.000   105.820    35.491   104.258     0.000     0.000   201.750     0.000     0.643     0.156     0.000     0.207     0.000    67.250   135.847     0.012     0.000    10.626   136.457    26.239    36363.    26347.    36183.    26387.   367568.   367267.       52.       57.      0.00      0.00  367568.0  367266.8       0.5       0.0       0.0
     1990  1200.700   419.520   366.434     0.216   188.734     2.292     0.000   447.500     0.000   557.676     0.059     0.000    12.188     0.024     0.250     3.818     0.435     0.000     0.000    57.339    49.695   100.110     0.000     0.000   201.750     0.000     0.826     0.128     0.000     0.135     0.000    67.250   206.580     0.009     0.000     9.606   145.150    27.911    36183.    26387.    36029.    26425.   367267.   366506.       57.       61.      0.00      0.00  367266.8  366505.8       0.1       0.0       0.0
     1991  1379.100   372.409   268.726     0.312   270.535     3.302     0.000   707.485     0.000   542.874     0.106     0.000    18.199     0.025     0.262     4.234     1.394     0.000     0.000    70.543    51.067    97.587     0.000     0.000   201.750     0.000     0.241     0.377     0.000     0.214     0.000    67.250   164.744     0.029     0.000    11.033   135.941    26.139    36029.    26425.    35866.    26465.   366506.   366309.       61.       66.      0.00      0.00  366505.8  366309.5       0.5       0.0       0.0
     1992  1427.000   420.256   291.919     0.338   287.401     3.581     0.000   711.638     0.000   583.236     3.003     0.000     1.198     0.022     0.234     2.858    18.860     0.000     0.000    44.097    90.532    97.517     0.000     0.000   201.750     0.000     0.331     4.861     0.000     0.215     0.000    67.250   148.756     0.387     0.000    11.416   142.058    27.548    35866.    26465.    35685.    26499.   366309.   365299.       66.       70.      0.00      0.00  366309.5  365298.8       3.7       1.0       0.0
     1993  1218.000   385.246   180.419     0.307   261.360     3.247     0.000   648.731     0.000   445.335     0.386     0.000     0.723     0.019     0.205     1.535     3.934     0.000     0.000    24.069    61.114    88.309     0.000     0.000   201.750     0.000     0.213     0.923     0.000     0.197     0.000    67.250    96.233     0.083     0.000     9.744   125.854    24.204    35685.    26499.    35592.    26541.   365299.   364485.       70.       75.      0.00      0.00  365298.8  364485.2       1.6       0.0       0.0
     1994  1390.000   392.603   296.173     0.323   277.965     3.427     0.000   696.206     0.000   577.889     0.519     0.000     1.527     0.022     0.237     1.408     4.482     0.000     0.000    22.485    69.314    92.387     0.000     0.000   201.750     0.000     0.351     1.009     0.000     0.212     0.000    67.250   162.805     0.092     0.000    11.120   134.725    26.026    35592.    26541.    35480.    26580.   364485.   363193.       75.       78.      0.00      0.00  364485.2  363193.4       1.4       0.0       0.0
     1995  1333.300   436.108   324.277     0.307   230.962     3.258     0.000   571.393     0.000   558.804     1.183     0.000     1.319     0.015     0.158     0.917     9.012     0.000     0.000    14.424    85.016    86.178     0.000     0.000   201.750     0.000     0.303     1.951     0.000     0.174     0.000    67.250   163.064     0.185     0.000    10.666   136.900    26.815    35480.    26580.    35359.    26618.   363193.   363096.       78.       81.      0.00      0.00  363193.4  363095.6       1.4       0.0       0.0
     1996  1546.800   421.362   272.084     0.399   334.523     4.230     0.000   848.623     0.000   611.236     1.224     0.000     0.905     0.024     0.251     1.273     8.796     0.000     0.000    20.557    69.763    74.047     0.000     0.000   201.750     0.000     0.607     1.874     0.000     0.259     0.000    67.250   137.630     0.180     0.000    12.374   137.043    27.008    35359.    26618.    35262.    26655.   363096.   362552.       81.       82.      0.00      0.00  363095.6  362552.3       1.8       0.0       0.0
     1997  1396.400   388.258   244.614     0.362   302.289     3.837     0.000   759.366     0.000   551.103     0.551     0.000     0.893     0.026     0.280     1.070     3.878     0.000     0.000    17.295    55.710    68.783     0.000     0.000   201.750     0.000     0.271     0.803     0.000     0.232     0.000    67.250   123.955     0.078     0.000    11.171   131.166    25.708    35262.    26655.    35197.    26695.   362552.   362070.       82.       84.      0.00      0.00  362552.3  362070.3       0.3       0.0       0.0
     1998  1354.100   394.072   309.902     0.330   263.994     3.491     0.000   647.068     0.000   577.718     1.739     0.000    10.748     0.018     0.189     0.908    14.854     0.000     0.000    14.169    48.446    73.321     0.000     0.000   201.750     0.000     0.367     2.967     0.000     0.199     0.000    67.250   155.093     0.310     0.000    10.833   131.060    25.696    35197.    26695.    35117.    26733.   362070.   360939.       84.       87.      0.00      0.00  362070.3  360939.2       7.3       1.0       0.0
     1999  1237.400   379.554   255.934     0.301   243.156     3.188     0.000   598.526     0.000   502.578     0.180     0.000     1.437     0.021     0.222     0.944     2.227     0.000     0.000    14.977    50.364    71.139     0.000     0.000   201.750     0.000     0.574     0.440     0.000     0.184     0.000    67.250   127.376     0.048     0.000     9.899   136.123    26.656    35117.    26733.    35052.    26773.   360939.   360530.       87.       90.      0.00      0.00  360939.2  360529.7       0.7       0.0       0.0
     2000   840.800   405.583   107.521     0.219   113.431     2.322     0.000   323.685     0.000   223.496     0.004     0.000     0.403     0.013     0.135     0.442     0.038     0.000     0.000     8.143    60.374    68.713     0.000     0.000   201.750     0.000     0.200     0.007     0.000     0.100     0.000    67.250    55.195     0.001     0.000     6.726   132.223    25.966    35052.    26773.    34990.    26813.   360530.   360844.       90.       92.      0.00      0.00  360529.7  360843.6       0.0       0.0       0.0
     2001  1469.300   400.166   325.124     0.359   308.196     3.808     0.000   741.506     0.000   637.487     0.447     0.000     4.742     0.025     0.264     1.198     4.395     0.000     0.000    18.318    56.296    68.070     0.000     0.000   201.750     0.000     0.472     0.860     0.000     0.229     0.000    67.250   174.786     0.089     0.000    11.754   137.458    27.167    34990.    26813.    34914.    26852.   360844.   360156.       92.       93.      0.00      0.00  360843.6  360155.6       1.2       0.0       0.0
     2002  1465.000   402.797   253.974     0.376   318.188     3.979     0.000   803.597     0.000   576.515     0.749     0.000     1.061     0.025     0.267     1.122     7.361     0.000     0.000    18.033    38.703    63.860     0.000     0.000   201.750     0.000     0.532     1.412     0.000     0.249     0.000    67.250   133.806     0.152     0.000    11.720   127.516    24.859    34914.    26852.    34871.    26892.   360156.   359646.       93.       95.      0.00      0.00  360155.6  359646.4       1.0       0.0       0.0
     2003  1749.200   384.568   397.634     0.422   385.342     4.476     0.000   960.594     0.000   787.877     1.429     0.000    15.151     0.036     0.378     1.489    14.324     0.000     0.000    23.825    50.302    78.657     0.000     0.000   201.750     0.000     0.603     2.611     0.000     0.298     0.000    67.250   225.577     0.291     0.000    13.994   129.884    25.372    34871.    26892.    34774.    26930.   359646.   358020.       95.       96.      0.00      0.00  359646.4  358020.1       3.1       0.0       0.0
     2004  1278.100   407.874   211.657     0.320   267.816     3.390     0.000   657.265     0.000   483.183     1.920     0.000     0.808     0.021     0.222     0.844    16.192     0.000     0.000    13.169    57.054    74.112     0.000     0.000   201.750     0.000     0.229     2.908     0.000     0.205     0.000    67.250   104.848     0.324     0.000    10.225   136.967    26.907    34774.    26930.    34687.    26967.   358020.   357306.       96.       98.      0.00      0.00  358020.1  357305.9       3.8       0.0       0.0
     2005  1559.500   365.923   295.979     0.400   354.378     4.237     0.000   892.769     0.000   654.995     1.308     0.000     1.072     0.025     0.266     1.153    10.698     0.000     0.000    18.563    71.740    70.001     0.000     0.000   201.750     0.000     0.533     1.955     0.000     0.279     0.000    67.250   155.415     0.212     0.000    12.476   122.404    23.923    34687.    26967.    34607.    27007.   357306.   356375.       98.      101.      0.00      0.00  357305.9  356375.3       2.5       1.0       0.0
     2006  1034.400   414.053   194.369     0.251   160.965     2.656     0.000   415.956     0.000   358.239     0.149     0.000     0.857     0.010     0.101     0.421     1.744     0.000     0.000     7.010    66.713    66.323     0.000     0.000   201.750     0.000     0.310     0.316     0.000     0.130     0.000    67.250   100.118     0.034     0.000     8.275   118.497    23.062    34607.    27007.    34556.    27051.   356375.   355894.      101.      104.      0.00      0.00  356375.3  355893.9       0.3       0.0       0.0
     2007   795.000   391.691    97.402     0.208   118.191     2.199     0.000   305.268     0.000   217.997     0.010     0.000     0.398     0.012     0.126     0.320     0.098     0.000     0.000     5.358    52.481    62.699     0.000     0.000   201.750     0.000     0.164     0.017     0.000     0.096     0.000    67.250    44.634     0.002     0.000     6.360   127.102    24.894    34556.    27051.    34516.    27092.   355894.   356158.      104.      107.      0.00      0.00  355893.9  356158.3       0.0       0.0       0.0
     2008  1432.700   397.124   274.544     0.366   311.461     3.877     0.000   762.477     0.000   590.250     0.176     0.000     1.140     0.016     0.172     0.929     2.421     0.000     0.000    14.459    44.211    65.387     0.000     0.000   201.750     0.000     0.317     0.435     0.000     0.239     0.000    67.250   138.256     0.049     0.000    11.462   127.186    24.701    34516.    27092.    34474.    27134.   356158.   355702.      107.      108.      0.00      0.00  356158.3  355702.5       1.5       0.0       0.0
     2009  1808.000   393.345   510.782     0.409   352.958     4.330     0.000   894.710     0.000   868.479     3.932     0.000    28.021     0.032     0.337     1.029    28.732     0.000     0.000    16.701    42.251    73.024     0.000     0.000   201.750     0.000     0.848     5.166     0.000     0.282     0.000    67.250   245.079     0.554     0.000    14.464   127.573    24.965    34474.    27134.    34373.    27170.   355702.   354774.      108.      110.      0.00      0.00  355702.5  354773.7       3.3       1.0       0.0
     2010  1213.900   397.357   266.615     0.297   231.464     3.143     0.000   551.548     0.000   501.523     0.185     0.000     1.085     0.017     0.183     0.649     2.038     0.000     0.000     9.939    53.640    66.044     0.000     0.000   201.750     0.000     0.415     0.357     0.000     0.174     0.000    67.250   128.589     0.039     0.000     9.711   116.095    22.567    34373.    27170.    34336.    27213.   354774.   354063.      110.      111.      0.00      0.00  354773.7  354063.2       0.3       0.0       0.0
     2011  1231.100   419.523   239.114     0.292   217.949     3.092     0.000   569.324     0.000   460.446     0.509     0.000     7.748     0.017     0.184     0.688     4.758     0.000     0.000    11.499    52.622    68.125     0.000     0.000   201.750     0.000     0.437     0.859     0.000     0.180     0.000    67.250   109.984     0.090     0.000     9.849   117.367    22.681    34336.    27213.    34285.    27256.   354063.   353217.      111.      114.      0.00      0.00  354063.2  353216.9       0.5       0.0       0.0
     2012  1372.700   411.900   343.082     0.321   237.951     3.397     0.000   613.269     0.000   584.754     0.187     0.000     2.224     0.019     0.199     0.768     1.988     0.000     0.000    12.753    58.820    72.641     0.000     0.000   201.750     0.000     0.424     0.340     0.000     0.194     0.000    67.250   156.515     0.038     0.000    10.982   126.370    24.499    34285.    27256.    34223.    27298.   353217.   352960.      114.      114.      0.00      0.00  353216.9  352959.6       0.2       0.0       0.0
     2013  1739.600   382.561   485.269     0.390   349.071     4.135     0.000   866.723     0.000   838.858     0.384     0.000     2.102     0.015     0.154     1.084     4.198     0.000     0.000    16.964    72.466    72.430     0.000     0.000   201.750     0.000     0.520     0.740     0.000     0.275     0.000    67.250   217.164     0.080     0.000    13.917   128.455    25.112    34223.    27298.    34142.    27338.   352960.   352428.      114.      114.      0.00      0.00  352959.6  352427.7       1.1       0.0       0.0
     2014  1196.800   409.218   223.776     0.303   223.291     3.211     0.000   561.059     0.000   450.580     0.054     0.000     1.599     0.025     0.261     0.622     0.591     0.000     0.000    10.334    43.113    65.852     0.000     0.000   201.750     0.000     0.925     0.121     0.000     0.179     0.000    67.250   112.069     0.012     0.000     9.574   135.496    26.701    34142.    27338.    34096.    27377.   352428.   352320.      114.      113.      0.00      0.00  352427.7  352320.3       0.1       0.0       0.0
     2015  1388.500   407.624   216.486     0.362   293.914     3.834     0.000   751.832     0.000   514.597     0.713     0.000     0.749     0.025     0.261     0.965     6.066     0.000     0.000    15.627    55.726    62.240     0.000     0.000   201.750     0.000     0.314     1.123     0.000     0.240     0.000    67.250    98.821     0.114     0.000    11.108   118.844    23.195    34096.    27377.    34049.    27419.   352320.   351476.      113.      115.      0.00      0.00  352320.3  351476.1       0.9       0.0       0.0
