     1981   929.400   502.007     0.000     0.000     9.982     0.000     0.000     0.000     0.000     9.982     0.000     0.000     0.000     0.000     0.000     0.000     0.000     0.000     0.000     0.000     0.000     0.000     0.000     0.000   201.750     0.000     0.000     0.000     0.000     0.000     0.000    67.250     0.000     0.000     0.000     7.435     0.000     0.000       NaN       NaN       NaN       NaN       NaN       NaN        0.       67.       NaN       NaN       NaN       NaN       0.0       0.0       0.0
     1982  1015.600   505.299     0.000     0.000     0.000     0.000     0.000     0.000     0.000     0.000     0.000     0.000     0.000     0.000     0.000     0.000     0.000     0.000     0.000     0.000     0.000     0.000     0.000     0.000   201.750     0.000     0.000     0.000     0.000     0.000     0.000    67.250     0.000     0.000     0.000     8.125     0.000     0.000       NaN       NaN       NaN       NaN       NaN       NaN       67.      117.       NaN       NaN       NaN       NaN       0.0       0.0       0.0
     1983  1012.900   511.066     0.000     0.000     0.000     0.000     0.000     0.000     0.000     0.000     0.000     0.000     0.000     0.000     0.000     0.000     0.000     0.000     0.000     0.000     0.000     0.000     0.000     0.000   201.750     0.000     0.000     0.000     0.000     0.000     0.000    67.250     0.000     0.000     0.000     8.103     0.000     0.000       NaN       NaN       NaN       NaN       NaN       NaN      117.      154.       NaN       NaN       NaN       NaN       0.0       0.0       0.0
     1984  1009.900   491.396     0.000     0.000     0.000     0.000     0.000     0.000     0.000     0.000     0.000     0.000     0.000     0.000     0.000     0.000     0.000     0.000     0.000     0.000     0.000     0.000     0.000     0.000   201.750     0.000     0.000     0.000     0.000     0.000     0.000    67.250     0.000     0.000     0.000     8.079     0.000     0.000       NaN       NaN       NaN       NaN       NaN       NaN      154.      182.       NaN       NaN       NaN       NaN       0.0       0.0       0.0
     1985   995.200   498.996     0.000     0.000     0.000     0.000     0.000     0.000     0.000     0.000     0.000     0.000     0.000     0.000     0.000     0.000     0.000     0.000     0.000     0.000     0.000     0.000     0.000     0.000   201.750     0.000     0.000     0.000     0.000     0.000     0.000    67.250     0.000     0.000     0.000     7.962     0.000     0.000       NaN       NaN       NaN       NaN       NaN       NaN      182.      204.       NaN       NaN       NaN       NaN       0.0       0.0       0.0
     1986   916.200   512.042     0.000     0.000     0.000     0.000     0.000     0.000     0.000     0.000     0.000     0.000     0.000     0.000     0.000     0.000     0.000     0.000     0.000     0.000     0.000     0.000     0.000     0.000   201.750     0.000     0.000     0.000     0.000     0.000     0.000    67.250     0.000     0.000     0.000     7.330     0.000     0.000       NaN       NaN       NaN       NaN       NaN       NaN      204.      222.       NaN       NaN       NaN       NaN       0.0       0.0       0.0
     1987   684.000   531.750     0.000     0.000     0.000     0.000     0.000     0.000     0.000     0.000     0.000     0.000     0.000     0.000     0.000     0.000     0.000     0.000     0.000     0.000     0.000     0.000     0.000     0.000   201.750     0.000     0.000     0.000     0.000     0.000     0.000    67.250     0.000     0.000     0.000     5.472     0.000     0.000       NaN       NaN       NaN       NaN       NaN       NaN      222.      237.       NaN       NaN       NaN       NaN       0.0       0.0       0.0
     1988   831.400   529.518     0.000     0.000     0.000     0.000     0.000     0.000     0.000     0.000     0.000     0.000     0.000     0.000     0.000     0.000     0.000     0.000     0.000     0.000     0.000     0.000     0.000     0.000   201.750     0.000     0.000     0.000     0.000     0.000     0.000    67.250     0.000     0.000     0.000     6.651     0.000     0.000       NaN       NaN       NaN       NaN       NaN       NaN      237.      249.       NaN       NaN       NaN       NaN       0.0       0.0       0.0
     1989  1253.100   475.527     0.000     0.000     0.000     0.000     0.000     0.000     0.000     0.000     0.000     0.000     0.000     0.000     0.000     0.000     0.000     0.000     0.000     0.000     0.000     0.000     0.000     0.000   201.750     0.000     0.000     0.000     0.000     0.000     0.000    67.250     0.000     0.000     0.000    10.025     0.000     0.000       NaN       NaN       NaN       NaN       NaN       NaN      249.      260.       NaN       NaN       NaN       NaN       0.0       0.0       0.0
     1990  1319.400   501.087     0.000     0.000     0.000     0.000     0.000     0.000     0.000     0.000     0.000     0.000     0.000     0.000     0.000     0.000     0.000     0.000     0.000     0.000     0.000     0.000     0.000     0.000   201.750     0.000     0.000     0.000     0.000     0.000     0.000    67.250     0.000     0.000     0.000    10.555     0.000     0.000       NaN       NaN       NaN       NaN       NaN       NaN      260.      270.       NaN       NaN       NaN       NaN       0.0       0.0       0.0
     1991   935.100   513.527     0.000     0.000     0.000     0.000     0.000     0.000     0.000     0.000     0.000     0.000     0.000     0.000     0.000     0.000     0.000     0.000     0.000     0.000     0.000     0.000     0.000     0.000   201.750     0.000     0.000     0.000     0.000     0.000     0.000    67.250     0.000     0.000     0.000     7.481     0.000     0.000       NaN       NaN       NaN       NaN       NaN       NaN      270.      278.       NaN       NaN       NaN       NaN       0.0       0.0       0.0
     1992   926.500   476.843     0.000     0.000     0.000     0.000     0.000     0.000     0.000     0.000     0.000     0.000     0.000     0.000     0.000     0.000     0.000     0.000     0.000     0.000     0.000     0.000     0.000     0.000   201.750     0.000     0.000     0.000     0.000     0.000     0.000    67.250     0.000     0.000     0.000     7.412     0.000     0.000       NaN       NaN       NaN       NaN       NaN       NaN      278.      286.       NaN       NaN       NaN       NaN       0.0       0.0       0.0
     1993   947.500   492.577     0.000     0.000     0.000     0.000     0.000     0.000     0.000     0.000     0.000     0.000     0.000     0.000     0.000     0.000     0.000     0.000     0.000     0.000     0.000     0.000     0.000     0.000   201.750     0.000     0.000     0.000     0.000     0.000     0.000    67.250     0.000     0.000     0.000     7.580     0.000     0.000       NaN       NaN       NaN       NaN       NaN       NaN      286.      293.       NaN       NaN       NaN       NaN       0.0       0.0       0.0
     1994  1060.500   500.915     0.000     0.000     0.000     0.000     0.000     0.000     0.000     0.000     0.000     0.000     0.000     0.000     0.000     0.000     0.000     0.000     0.000     0.000     0.000     0.000     0.000     0.000   201.750     0.000     0.000     0.000     0.000     0.000     0.000    67.250     0.000     0.000     0.000     8.484     0.000     0.000       NaN       NaN       NaN       NaN       NaN       NaN      293.      299.       NaN       NaN       NaN       NaN       0.0       0.0       0.0
     1995   950.300   504.266     0.000     0.000     0.000     0.000     0.000     0.000     0.000     0.000     0.000     0.000     0.000     0.000     0.000     0.000     0.000     0.000     0.000     0.000     0.000     0.000     0.000     0.000   201.750     0.000     0.000     0.000     0.000     0.000     0.000    67.250     0.000     0.000     0.000     7.602     0.000     0.000       NaN       NaN       NaN       NaN       NaN       NaN      299.      306.       NaN       NaN       NaN       NaN       0.0       0.0       0.0
     1996  1314.700   480.644     0.000     0.000     0.000     0.000     0.000     0.000     0.000     0.000     0.000     0.000     0.000     0.000     0.000     0.000     0.000     0.000     0.000     0.000     0.000     0.000     0.000     0.000   201.750     0.000     0.000     0.000     0.000     0.000     0.000    67.250     0.000     0.000     0.000    10.518     0.000     0.000       NaN       NaN       NaN       NaN       NaN       NaN      306.      311.       NaN       NaN       NaN       NaN       0.0       0.0       0.0
     1997  1113.400   478.596     0.000     0.000     0.000     0.000     0.000     0.000     0.000     0.000     0.000     0.000     0.000     0.000     0.000     0.000     0.000     0.000     0.000     0.000     0.000     0.000     0.000     0.000   201.750     0.000     0.000     0.000     0.000     0.000     0.000    67.250     0.000     0.000     0.000     8.907     0.000     0.000       NaN       NaN       NaN       NaN       NaN       NaN      311.      317.       NaN       NaN       NaN       NaN       0.0       0.0       0.0
     1998  1080.300   505.488     0.000     0.000     0.000     0.000     0.000     0.000     0.000     0.000     0.000     0.000     0.000     0.000     0.000     0.000     0.000     0.000     0.000     0.000     0.000     0.000     0.000     0.000   201.750     0.000     0.000     0.000     0.000     0.000     0.000    67.250     0.000     0.000     0.000     8.642     0.000     0.000       NaN       NaN       NaN       NaN       NaN       NaN      317.      322.       NaN       NaN       NaN       NaN       0.0       0.0       0.0
     1999   811.700   539.059     0.000     0.000     0.000     0.000     0.000     0.000     0.000     0.000     0.000     0.000     0.000     0.000     0.000     0.000     0.000     0.000     0.000     0.000     0.000     0.000     0.000     0.000   201.750     0.000     0.000     0.000     0.000     0.000     0.000    67.250     0.000     0.000     0.000     6.494     0.000     0.000       NaN       NaN       NaN       NaN       NaN       NaN      322.      327.       NaN       NaN       NaN       NaN       0.0       0.0       0.0
     2000  1132.800   495.601     0.000     0.000     0.000     0.000     0.000     0.000     0.000     0.000     0.000     0.000     0.000     0.000     0.000     0.000     0.000     0.000     0.000     0.000     0.000     0.000     0.000     0.000   201.750     0.000     0.000     0.000     0.000     0.000     0.000    67.250     0.000     0.000     0.000     9.062     0.000     0.000       NaN       NaN       NaN       NaN       NaN       NaN      327.      332.       NaN       NaN       NaN       NaN       0.0       0.0       0.0
     2001  1002.400   505.820     0.000     0.000     0.000     0.000     0.000     0.000     0.000     0.000     0.000     0.000     0.000     0.000     0.000     0.000     0.000     0.000     0.000     0.000     0.000     0.000     0.000     0.000   201.750     0.000     0.000     0.000     0.000     0.000     0.000    67.250     0.000     0.000     0.000     8.019     0.000     0.000       NaN       NaN       NaN       NaN       NaN       NaN      332.      336.       NaN       NaN       NaN       NaN       0.0       0.0       0.0
     2002  1109.000   514.445     0.000     0.000     0.000     0.000     0.000     0.000     0.000     0.000     0.000     0.000     0.000     0.000     0.000     0.000     0.000     0.000     0.000     0.000     0.000     0.000     0.000     0.000   201.750     0.000     0.000     0.000     0.000     0.000     0.000    67.250     0.000     0.000     0.000     8.872     0.000     0.000       NaN       NaN       NaN       NaN       NaN       NaN      336.      341.       NaN       NaN       NaN       NaN       0.0       0.0       0.0
     2003  1379.300   483.514     0.000     0.000     0.000     0.000     0.000     0.000     0.000     0.000     0.000     0.000     0.000     0.000     0.000     0.000     0.000     0.000     0.000     0.000     0.000     0.000     0.000     0.000   201.750     0.000     0.000     0.000     0.000     0.000     0.000    67.250     0.000     0.000     0.000    11.034     0.000     0.000       NaN       NaN       NaN       NaN       NaN       NaN      341.      345.       NaN       NaN       NaN       NaN       0.0       0.0       0.0
     2004  1182.400   496.165     0.000     0.000     0.000     0.000     0.000     0.000     0.000     0.000     0.000     0.000     0.000     0.000     0.000     0.000     0.000     0.000     0.000     0.000     0.000     0.000     0.000     0.000   201.750     0.000     0.000     0.000     0.000     0.000     0.000    67.250     0.000     0.000     0.000     9.459     0.000     0.000       NaN       NaN       NaN       NaN       NaN       NaN      345.      349.       NaN       NaN       NaN       NaN       0.0       0.0       0.0
     2005   960.500   511.769     0.000     0.000     0.000     0.000     0.000     0.000     0.000     0.000     0.000     0.000     0.000     0.000     0.000     0.000     0.000     0.000     0.000     0.000     0.000     0.000     0.000     0.000   201.750     0.000     0.000     0.000     0.000     0.000     0.000    67.250     0.000     0.000     0.000     7.684     0.000     0.000       NaN       NaN       NaN       NaN       NaN       NaN      349.      353.       NaN       NaN       NaN       NaN       0.0       0.0       0.0
     2006  1070.500   490.176     0.000     0.000     0.000     0.000     0.000     0.000     0.000     0.000     0.000     0.000     0.000     0.000     0.000     0.000     0.000     0.000     0.000     0.000     0.000     0.000     0.000     0.000   201.750     0.000     0.000     0.000     0.000     0.000     0.000    67.250     0.000     0.000     0.000     8.564     0.000     0.000       NaN       NaN       NaN       NaN       NaN       NaN      353.      357.       NaN       NaN       NaN       NaN       0.0       0.0       0.0
     2007   889.100   532.578     0.000     0.000     0.000     0.000     0.000     0.000     0.000     0.000     0.000     0.000     0.000     0.000     0.000     0.000     0.000     0.000     0.000     0.000     0.000     0.000     0.000     0.000   201.750     0.000     0.000     0.000     0.000     0.000     0.000    67.250     0.000     0.000     0.000     7.113     0.000     0.000       NaN       NaN       NaN       NaN       NaN       NaN      357.      360.       NaN       NaN       NaN       NaN       0.0       0.0       0.0
     2008  1085.500   501.130     0.000     0.000     0.000     0.000     0.000     0.000     0.000     0.000     0.000     0.000     0.000     0.000     0.000     0.000     0.000     0.000     0.000     0.000     0.000     0.000     0.000     0.000   201.750     0.000     0.000     0.000     0.000     0.000     0.000    67.250     0.000     0.000     0.000     8.684     0.000     0.000       NaN       NaN       NaN       NaN       NaN       NaN      360.      364.       NaN       NaN       NaN       NaN       0.0       0.0       0.0
     2009  1089.600   471.870     0.000     0.000     0.000     0.000     0.000     0.000     0.000     0.000     0.000     0.000     0.000     0.000     0.000     0.000     0.000     0.000     0.000     0.000     0.000     0.000     0.000     0.000   201.750     0.000     0.000     0.000     0.000     0.000     0.000    67.250     0.000     0.000     0.000     8.717     0.000     0.000       NaN       NaN       NaN       NaN       NaN       NaN      364.      367.       NaN       NaN       NaN       NaN       0.0       0.0       0.0
     2010  1068.600   506.964     0.000     0.000     0.000     0.000     0.000     0.000     0.000     0.000     0.000     0.000     0.000     0.000     0.000     0.000     0.000     0.000     0.000     0.000     0.000     0.000     0.000     0.000   201.750     0.000     0.000     0.000     0.000     0.000     0.000    67.250     0.000     0.000     0.000     8.549     0.000     0.000       NaN       NaN       NaN       NaN       NaN       NaN      367.      371.       NaN       NaN       NaN       NaN       0.0       0.0       0.0
     2011  1503.800   486.877     0.000     0.000     0.000     0.000     0.000     0.000     0.000     0.000     0.000     0.000     0.000     0.000     0.000     0.000     0.000     0.000     0.000     0.000     0.000     0.000     0.000     0.000   201.750     0.000     0.000     0.000     0.000     0.000     0.000    67.250     0.000     0.000     0.000    12.030     0.000     0.000       NaN       NaN       NaN       NaN       NaN       NaN      371.      374.       NaN       NaN       NaN       NaN       0.0       0.0       0.0
     2012  1005.000   532.729     0.000     0.000     0.000     0.000     0.000     0.000     0.000     0.000     0.000     0.000     0.000     0.000     0.000     0.000     0.000     0.000     0.000     0.000     0.000     0.000     0.000     0.000   201.750     0.000     0.000     0.000     0.000     0.000     0.000    67.250     0.000     0.000     0.000     8.040     0.000     0.000       NaN       NaN       NaN       NaN       NaN       NaN      374.      377.       NaN       NaN       NaN       NaN       0.0       0.0       0.0
     2013  1046.800   480.572     0.000     0.000     0.000     0.000     0.000     0.000     0.000     0.000     0.000     0.000     0.000     0.000     0.000     0.000     0.000     0.000     0.000     0.000     0.000     0.000     0.000     0.000   201.750     0.000     0.000     0.000     0.000     0.000     0.000    67.250     0.000     0.000     0.000     8.374     0.000     0.000       NaN       NaN       NaN       NaN       NaN       NaN      377.      380.       NaN       NaN       NaN       NaN       0.0       0.0       0.0
     2014   665.036   597.760     0.000     0.000     0.000     0.000     0.000     0.000     0.000     0.000     0.000     0.000     0.000     0.000     0.000     0.000     0.000     0.000     0.000     0.000     0.000     0.000     0.000     0.000   201.750     0.000     0.000     0.000     0.000     0.000     0.000    67.250     0.000     0.000     0.000     5.320     0.000     0.000       NaN       NaN       NaN       NaN       NaN       NaN      380.      383.       NaN       NaN       NaN       NaN       0.0       0.0       0.0
     2015  1053.549   589.020     0.000     0.000     0.000     0.000     0.000     0.000     0.000     0.000     0.000     0.000     0.000     0.000     0.000     0.000     0.000     0.000     0.000     0.000     0.000     0.000     0.000     0.000   201.750     0.000     0.000     0.000     0.000     0.000     0.000    67.250     0.000     0.000     0.000     8.428     0.000     0.000       NaN       NaN       NaN       NaN       NaN       NaN      383.      385.       NaN       NaN       NaN       NaN       0.0       0.0       0.0
