     1981  1067.000   529.031   368.150     0.481     9.982    16.251     0.000     0.000     0.000   394.863   128.603     0.000     9.006     0.092     3.093     0.000    95.021     0.000     0.000     0.000     2.582   100.121     0.000     0.000   201.750     0.000     0.237    27.849     0.000     0.000     0.000    67.250    14.156     0.936     0.000     8.536   118.551    22.798    20767.    23504.    20649.    23520.   206855.   205897.        0.        7.      0.00      0.00  206854.6  205897.3     116.4      17.0       0.0
     1982  1325.000   442.672   467.144     0.775   100.983    26.175     0.000   278.558     0.000   595.077     8.964     0.000    11.860     0.112     3.781     1.065    11.629     0.000     0.000    19.630     5.906    90.809     0.000     0.000   201.750     0.000     0.437     3.148     0.000     0.838     0.000    67.250   108.293     0.190     0.000    10.600   136.597    26.262    20649.    23520.    20581.    23556.   205897.   206855.        7.       10.      0.00      0.00  205897.3  206854.6      13.8       1.0       0.0
     1983  1553.000   424.196   559.259     1.040   217.993    35.126     0.000   535.671     0.000   813.419    36.344     0.000    12.730     0.146     4.943     3.565    56.587     0.000     0.000    56.578     5.423    89.320     0.000     0.000   201.750     0.000     0.889    16.935     0.000     1.618     0.000    67.250   169.950     1.030     0.000    12.424   133.132    25.600    20581.    23556.    20436.    23577.   206855.   206842.       10.       14.      0.00      0.00  206854.6  206842.4      40.7       4.0       0.0
     1984  1054.000   410.981   238.016     0.808   158.625    27.297     0.000   393.870     0.000   424.745     2.327     0.000     3.576     0.123     4.140     2.801     5.167     0.000     0.000    44.461     5.959    83.799     0.000     0.000   201.750     0.000     0.633     1.461     0.000     1.198     0.000    67.250    80.487     0.100     0.000     8.432   134.868    25.934    20436.    23577.    20364.    23615.   206842.   207175.       14.       19.      0.00      0.00  206842.4  207174.6       4.9       1.0       0.0
     1985   865.000   397.426   144.474     0.668   114.789    22.559     0.000   289.622     0.000   282.490     0.121     0.000     2.020     0.070     2.376     1.986     0.363     0.000     0.000    32.081     8.582    80.859     0.000     0.000   201.750     0.000     0.132     0.093     0.000     0.888     0.000    67.250    48.298     0.007     0.000     6.920   128.495    24.711    20364.    23615.    20318.    23655.   207175.   207842.       19.       28.      0.00      0.00  207174.6  207841.8       1.3       0.0       0.0
     1986   991.000   430.990   250.068     0.757   113.681    25.586     0.000   286.536     0.000   390.092    51.185     0.000    18.156     0.141     4.772     1.984   107.928     0.000     0.000    32.043     7.496    76.876     0.000     0.000   201.750     0.000     0.649    27.407     0.000     0.887     0.000    67.250    82.140     2.059     0.000     7.928   120.389    23.150    20318.    23655.    20160.    23669.   207842.   205833.       28.       31.      0.00      0.00  207841.8  205833.2      34.1       6.0       0.0
     1987   844.000   403.273   193.700     0.624   105.154    21.080     0.000   244.117     0.000   320.558     0.187     0.000     4.965     0.072     2.428     1.835     0.524     0.000     0.000    27.013     4.856    68.302     0.000     0.000   201.750     0.000     0.246     0.094     0.000     0.761     0.000    67.250    53.790     0.010     0.000     6.752   135.190    25.998    20160.    23669.    20125.    23708.   205833.   206848.       31.       43.      0.00      0.00  205833.2  206848.3       0.1       0.0       0.0
     1988  1126.000   391.063   194.688     0.995   185.893    33.597     0.000   475.550     0.000   415.172     7.312     0.000     1.844     0.090     3.041     2.966    20.518     0.000     0.000    48.582     8.651    77.605     0.000     0.000   201.750     0.000     0.320     4.895     0.000     1.500     0.000    67.250    64.007     0.412     0.000     9.008   127.881    24.591    20125.    23708.    20048.    23742.   206848.   206661.       43.       36.      0.00      0.00  206848.3  206661.0      12.0       2.0       0.0
     1989  1131.000   395.768   235.044     0.937   177.219    31.648     0.000   458.927     0.000   444.846     2.014     0.000     3.419     0.138     4.677     2.435     7.588     0.000     0.000    40.260    13.172    75.983     0.000     0.000   201.750     0.000     0.661     2.020     0.000     1.461     0.000    67.250    84.684     0.160     0.000     9.048   130.584    25.110    20048.    23742.    19983.    23779.   206661.   207039.       36.       35.      0.00      0.00  206661.0  207038.9       4.6       0.0       0.0
     1990  1098.000   422.972   417.157     0.761   163.147    25.715     0.000   381.264     0.000   606.779     0.817     0.000    13.354     0.137     4.633     1.916     2.812     0.000     0.000    28.249    11.986    73.086     0.000     0.000   201.750     0.000     0.686     0.671     0.000     1.222     0.000    67.250   149.319     0.056     0.000     8.784   136.204    26.435    19983.    23779.    19923.    23816.   207039.   207117.       35.       45.      0.00      0.00  207038.9  207117.5       1.0       0.0       0.0
     1991  1240.000   367.264   287.882     1.117   154.842    37.745     0.000   398.539     0.000   481.586     3.937     0.000    10.608     0.154     5.210     1.653    15.304     0.000     0.000    27.288    14.970    67.512     0.000     0.000   201.750     0.000     0.827     3.978     0.000     1.291     0.000    67.250   108.886     0.313     0.000     9.920   122.637    23.640    19923.    23816.    19871.    23851.   207117.   207278.       45.       41.      0.00      0.00  207117.5  207277.8      12.7       1.0       0.0
     1992  1254.000   419.421   289.604     1.049   199.485    35.438     0.000   516.716     0.000   525.576    27.890     0.000     2.315     0.124     4.187     1.844    82.250     0.000     0.000    30.420    22.245    70.330     0.000     0.000   201.750     0.000     0.396    17.743     0.000     1.690     0.000    67.250    91.017     1.607     0.000    10.032   132.649    25.739    19871.    23851.    19738.    23871.   207278.   205799.       41.       39.      0.00      0.00  207277.8  205799.2      25.8       4.0       0.0
     1993  1081.000   395.424   241.488     0.867   169.374    29.276     0.000   417.099     0.000   441.005     6.419     0.000     2.202     0.074     2.487     1.349    21.331     0.000     0.000    21.114    10.398    65.474     0.000     0.000   201.750     0.000     0.396     4.274     0.000     1.376     0.000    67.250    78.025     0.424     0.000     8.648   121.843    23.432    19738.    23871.    19703.    23907.   205799.   205501.       39.       44.      0.00      0.00  205799.2  205501.3      13.6       2.0       0.0
     1994  1271.000   394.783   318.325     0.978   212.395    33.048     0.000   524.319     0.000   564.746     9.630     0.000    23.600     0.112     3.770     1.587    29.826     0.000     0.000    24.935    12.505    73.873     0.000     0.000   201.750     0.000     0.469     5.808     0.000     1.744     0.000    67.250   107.468     0.583     0.000    10.168   129.207    25.008    19703.    23907.    19617.    23939.   205501.   204592.       44.       40.      0.00      0.00  205501.3  204592.4      19.4       2.0       0.0
     1995  1185.000   429.665   364.669     0.889   144.745    30.035     0.000   365.661     0.000   540.338    25.368     0.000     3.910     0.076     2.554     0.959    75.728     0.000     0.000    15.485    10.314    66.615     0.000     0.000   201.750     0.000     0.633    14.965     0.000     1.226     0.000    67.250   114.732     1.498     0.000     9.480   129.571    25.039    19617.    23939.    19524.    23962.   204592.   203919.       40.       44.      0.00      0.00  204592.4  203919.0      40.4       3.0       0.0
     1996  1366.000   423.281   350.138     1.093   218.552    36.923     0.000   543.627     0.000   606.707    13.658     0.000     2.710     0.142     4.810     1.385    40.331     0.000     0.000    21.964    12.182    63.865     0.000     0.000   201.750     0.000     1.287     7.677     0.000     1.838     0.000    67.250   116.695     0.793     0.000    10.928   132.319    25.724    19524.    23962.    19459.    23991.   203919.   203648.       44.       39.      0.00      0.00  203919.0  203647.6      13.4       2.0       0.0
     1997  1275.000   383.164   302.286     1.070   218.917    36.133     0.000   550.518     0.000   558.404    16.774     0.000     3.498     0.159     5.363     1.262    46.781     0.000     0.000    20.281     9.419    60.851     0.000     0.000   201.750     0.000     0.461     8.913     0.000     1.877     0.000    67.250    98.046     0.908     0.000    10.200   127.088    24.655    19459.    23991.    19397.    24020.   203648.   203189.       39.       40.      0.00      0.00  203647.6  203189.1      10.5       2.0       0.0
     1998  1218.000   391.624   365.047     0.927   177.341    31.319     0.000   438.302     0.000   574.636     9.028     0.000     8.734     0.083     2.810     0.969    29.532     0.000     0.000    15.293     7.193    60.682     0.000     0.000   201.750     0.000     0.794     6.985     0.000     1.506     0.000    67.250   116.300     0.599     0.000     9.744   123.970    24.003    19397.    24020.    19360.    24052.   203189.   202736.       40.       44.      0.00      0.00  203189.1  202735.8      38.7       1.0       0.0
     1999  1133.000   381.378   311.523     0.841   163.227    28.417     0.000   413.197     0.000   504.009     5.493     0.000    16.857     0.116     3.921     0.893    18.858     0.000     0.000    14.500    10.086    61.720     0.000     0.000   201.750     0.000     0.974     4.059     0.000     1.430     0.000    67.250    99.948     0.386     0.000     9.064   127.140    24.720    19360.    24052.    19318.    24086.   202736.   202700.       44.       44.      0.00      0.00  202735.8  202699.9      11.3       1.0       0.0
     2000   811.000   416.345   176.208     0.665    89.205    22.452     0.000   202.678     0.000   288.530     3.179     0.000     1.626     0.067     2.259     0.488    12.106     0.000     0.000     7.008    10.425    57.539     0.000     0.000   201.750     0.000     0.366     2.943     0.000     0.705     0.000    67.250    58.180     0.239     0.000     6.488   129.121    25.111    19318.    24086.    19306.    24123.   202700.   203429.       44.       53.      0.00      0.00  202699.9  203429.3       9.7       1.0       0.0
     2001  1240.000   391.568   348.543     1.008   170.718    34.043     0.000   454.005     0.000   554.312     0.599     0.000     2.359     0.154     5.194     0.966     2.889     0.000     0.000    16.560    17.852    59.339     0.000     0.000   201.750     0.000     0.582     0.635     0.000     1.592     0.000    67.250   126.799     0.059     0.000     9.920   131.940    25.802    19306.    24123.    19281.    24159.   203429.   203543.       53.       46.      0.00      0.00  203429.3  203542.7       1.7       0.0       0.0
     2002  1459.000   405.322   405.214     1.159   246.770    39.165     0.000   610.554     0.000   692.307    51.608     0.000     4.937     0.134     4.534     1.324   153.718     0.000     0.000    20.799    15.828    56.701     0.000     0.000   201.750     0.000     1.009    28.103     0.000     2.159     0.000    67.250   134.161     3.041     0.000    11.672   122.297    23.777    19281.    24159.    19116.    24168.   203543.   200762.       46.       40.      0.00      0.00  203542.7  200762.5      44.9       8.0       0.0
     2003  1641.000   383.265   499.676     1.195   286.164    40.375     0.000   711.746     0.000   827.411    28.667     0.000    18.331     0.184     6.225     1.389    78.167     0.000     0.000    22.065    11.577    60.211     0.000     0.000   201.750     0.000     1.588    13.413     0.000     2.541     0.000    67.250   167.680     1.555     0.000    13.128   123.634    24.131    19116.    24168.    19011.    24192.   200762.   199277.       40.       33.      0.00      0.00  200762.5  199276.8      39.6       6.0       0.0
     2004  1217.000   413.208   287.252     0.898   201.048    30.346     0.000   499.748     0.000   519.545    30.751     0.000     2.289     0.111     3.753     0.891    73.091     0.000     0.000    14.132     6.721    56.584     0.000     0.000   201.750     0.000     0.444    13.640     0.000     1.801     0.000    67.250    83.301     1.406     0.000     9.736   130.313    25.458    19011.    24192.    18935.    24216.   199277.   198464.       33.       39.      0.00      0.00  199276.8  198463.9      19.0       8.0       0.0
     2005  1553.000   373.931   439.318     1.157   277.437    39.097     0.000   695.511     0.000   757.009    29.686     0.000     4.057     0.166     5.602     1.209    71.436     0.000     0.000    19.412     7.835    57.106     0.000     0.000   201.750     0.000     1.149    14.506     0.000     2.529     0.000    67.250   147.535     1.404     0.000    12.424   117.920    22.784    18935.    24216.    18866.    24239.   198464.   197294.       39.       37.      0.00      0.00  198463.9  197293.8      35.5       2.0       0.0
     2006   985.000   420.885   306.457     0.680    99.043    22.989     0.000   232.468     0.000   429.170    17.939     0.000     9.824     0.100     3.364     0.415    40.948     0.000     0.000     6.181     4.756    55.959     0.000     0.000   201.750     0.000     1.463     9.577     0.000     0.851     0.000    67.250    92.131     0.792     0.000     7.880   123.355    23.995    18866.    24239.    18831.    24269.   197294.   197398.       37.       55.      0.00      0.00  197293.8  197398.0      14.3       2.0       0.0
     2007   727.000   400.934   106.111     0.625    77.375    21.125     0.000   192.664     0.000   205.235     0.425     0.000     1.030     0.050     1.688     0.350     1.518     0.000     0.000     5.573     4.973    48.001     0.000     0.000   201.750     0.000     0.223     0.394     0.000     0.708     0.000    67.250    30.909     0.030     0.000     5.816   126.439    24.616    18831.    24269.    18849.    24309.   197398.   198624.       55.       63.      0.00      0.00  197398.0  198623.8       2.3       0.0       0.0
     2008  1354.000   396.029   314.599     1.132   230.210    38.260     0.000   601.777     0.000   584.198     8.131     0.000     2.565     0.085     2.875     1.085    25.500     0.000     0.000    18.177    11.261    53.304     0.000     0.000   201.750     0.000     0.532     6.252     0.000     2.227     0.000    67.250   109.422     0.521     0.000    10.832   119.814    23.138    18849.    24309.    18828.    24341.   198624.   198332.       63.       45.      0.00      0.00  198623.8  198332.2      26.9       3.0       0.0
     2009  1686.000   399.929   538.716     1.274   274.479    43.046     0.000   691.862     0.000   857.515    39.586     0.000    24.712     0.184     6.221     1.158    99.842     0.000     0.000    18.596    10.657    59.571     0.000     0.000   201.750     0.000     1.176    21.827     0.000     2.588     0.000    67.250   165.352     1.936     0.000    13.488   123.424    24.106    18828.    24341.    18700.    24356.   198332.   196925.       45.       37.      0.00      0.00  198332.2  196925.2      35.7       5.0       0.0
     2010  1125.000   401.400   337.431     0.810   161.490    27.347     0.000   384.826     0.000   527.078     8.263     0.000     2.677     0.094     3.163     0.638    21.900     0.000     0.000     9.710     6.658    48.930     0.000     0.000   201.750     0.000     0.522     4.958     0.000     1.452     0.000    67.250   105.580     0.423     0.000     9.000   111.220    21.502    18700.    24356.    18706.    24393.   196925.   196902.       37.       51.      0.00      0.00  196925.2  196901.5      10.5       3.0       0.0
     2011  1118.000   421.920   238.446     0.872   158.309    29.450     0.000   404.740     0.000   427.078     7.159     0.000    19.834     0.105     3.545     0.669    19.695     0.000     0.000    10.982     8.448    54.354     0.000     0.000   201.750     0.000     0.443     4.639     0.000     1.537     0.000    67.250    71.418     0.380     0.000     8.944   114.882    22.215    18706.    24393.    18685.    24429.   196902.   196695.       51.       51.      0.00      0.00  196901.5  196694.9      12.3       1.0       0.0
     2012  1276.000   408.777   351.675     0.989   176.050    33.400     0.000   452.864     0.000   562.116     2.092     0.000     5.897     0.123     4.149     0.750     7.014     0.000     0.000    12.428    10.397    55.615     0.000     0.000   201.750     0.000     0.538     1.672     0.000     1.732     0.000    67.250   109.057     0.140     0.000    10.208   122.090    23.610    18685.    24429.    18680.    24466.   196695.   197223.       51.       47.      0.00      0.00  196694.9  197223.2       4.9       1.0       0.0
     2013  1713.800   378.586   571.300     1.240   296.046    41.881     0.000   735.896     0.000   910.470    10.270     0.000     4.487     0.095     3.213     1.258    32.185     0.000     0.000    19.886    12.646    59.264     0.000     0.000   201.750     0.000     0.628     7.474     0.000     2.842     0.000    67.250   176.534     0.635     0.000    13.710   120.572    23.239    18680.    24466.    18643.    24497.   197223.   196720.       47.       38.      0.00      0.00  197223.2  196720.2      16.5       2.0       0.0
     2014   665.036   411.130    83.622     0.627   144.226    21.196     0.000   330.139     0.000   249.669     0.463     0.000     5.585     0.177     5.991     0.572     2.373     0.000     0.000     8.304    10.729    56.695     0.000     0.000   201.750     0.000     0.610     0.720     0.000     1.286     0.000    67.250    31.024     0.051     0.000     5.320   116.343    22.536    18643.    24497.    18644.    24537.   196720.   197088.       38.       60.      0.00      0.00  196720.2  197087.8       0.6       0.0       0.0
     2015  1053.549   415.561   225.937     0.933    89.353    31.514     0.000   235.627     0.000   347.740    15.058     0.000    61.034     0.120     4.049     0.400    51.343     0.000     0.000     6.786     7.999    52.449     0.000     0.000   201.750     0.000     0.668    11.742     0.000     0.920     0.000    67.250    85.109     1.053     0.000     8.428   119.243    23.633    18644.    24537.    18551.    24565.   197088.   196953.       60.       50.      0.00      0.00  197087.8  196952.5      25.5       5.0       0.0
